18

0.25 -0.25 -0.25 0.0 0.0 0.0
0.25 -0.25 0.25 0.0 0.0 0.0 
-0.25 -0.25 0.25 0.0 0.0 0.0

-0.25 -0.25 -0.25 0.0 0.0 0.0
0.25 -0.25 -0.25 0.0 0.0 0.0
-0.25 -0.25 0.25 0.0 0.0 0.0

0.00 0.25 0.00 0.0 0.0 1.0
-0.25 -0.25 0.25 0.0 0.0 1.0
0.25 -0.25 0.25 0.0 0.0 1.0

0.00 0.25 0.00 1.0 0.0 0.0
-0.25 -0.25 -0.25 1.0 0.0 0.0
-0.25 -0.25 0.25 1.0 0.0 0.0

0.00 0.25 0.00 0.0 1.0 0.0
0.25 -0.25 -0.25 0.0 1.0 0.0
-0.25 -0.25 -0.25 0.0 1.0 0.0

0.00 0.25 0.00 0.5 0.5 0.5
0.25 -0.25 0.25 0.5 0.5 0.5
0.25 -0.25 -0.25 0.5 0.5 0.5