36

-0.1 -0.2  0.1 0.662745 0.662745 0.662745
 0.1  0.2  0.1  0.662745 0.662745 0.662745
 -0.1  0.2  0.1 0.662745 0.662745 0.662745

 -0.1 -0.2  0.1 	0.662745 0.662745 0.662745
 0.1 -0.2  0.1  0.662745 0.662745 0.662745
 0.1  0.2  0.1 0.662745 0.662745 0.662745

 0.1 -0.2  0.1 0.411765 0.411765 0.411765
 0.1 -0.2 -0.1  0.411765 0.411765 0.411765
 0.1  0.2 -0.1  0.411765 0.411765 0.411765

 0.1 -0.2  0.1 0.411765 0.411765 0.411765
 0.1  0.2 -0.1  0.411765 0.411765 0.411765
 0.1  0.2  0.1 0.411765 0.411765 0.411765

 -0.1 -0.2 -0.1 	0.662745 0.662745 0.662745
 -0.1  0.2 -0.1 0.662745 0.662745 0.662745
 0.1  0.2 -0.1  0.662745 0.662745 0.662745

 -0.1 -0.2 -0.1 	0.662745 0.662745 0.662745
 0.1  0.2 -0.1  0.662745 0.662745 0.662745
 0.1 -0.2 -0.1  0.662745 0.662745 0.662745

 -0.1 -0.2 -0.1 	0.411765 0.411765 0.411765
 -0.1 -0.2  0.1 0.411765 0.411765 0.411765
 -0.1  0.2 -0.1  0.411765 0.411765 0.411765

 -0.1 -0.2  0.1 	0.411765 0.411765 0.411765
 -0.1  0.2  0.1 0.411765 0.411765 0.411765
 -0.1  0.2 -0.1  0.411765 0.411765 0.411765

 -0.1  0.2 -0.1 	0.827451 0.827451 0.827451
 -0.1  0.2  0.1  0.827451 0.827451 0.827451
 0.1  0.2 -0.1  0.827451 0.827451 0.827451

 -0.1  0.2  0.1 	0.827451 0.827451 0.827451
 0.1  0.2  0.1 0.827451 0.827451 0.827451
 0.1  0.2 -0.1 0.827451 0.827451 0.827451

 -0.1 -0.2  0.1 0.827451 0.827451 0.827451
 -0.1 -0.2 -0.1  0.827451 0.827451 0.827451
 0.1 -0.2 -0.1  0.827451 0.827451 0.827451

 -0.1 -0.2  0.1 	0.827451 0.827451 0.827451
 0.1 -0.2 -0.1  0.827451 0.827451 0.827451
 0.1 -0.2  0.1 0.827451 0.827451 0.827451
