18

-0.1 -0.1  -0.1 		0.878431 1 1
 0.1  -0.1  0.1  	0.878431 1 1
 -0.1  -0.1  0.1  	0.878431 1 1

 -0.1 -0.1  -0.1 		0.878431 1 1
 0.1 -0.1  -0.1 	0.878431 1 1
 0.1  -0.1  0.1  	0.878431 1 1

 -0.1 -0.1 0.1 	0.529412 0.807843 0.921569
 0.1 -0.1 0.1  	0.529412 0.807843 0.921569
 0.0  0.15 0.0  	0.529412 0.807843 0.921569

 0.1 -0.1  0.1 		0.27451 0.509804 0.705882
 0.1  -0.1 -0.1  	0.27451 0.509804 0.705882
 0.0  0.15  0.0  	0.27451 0.509804 0.705882

 0.1 -0.1 -0.1 		0.529412 0.807843 0.921569
 -0.1  -0.1 -0.1 	0.529412 0.807843 0.921569
 0.0  0.15 0.0  	0.529412 0.807843 0.921569

 -0.1 -0.1 0.1 	0.27451 0.509804 0.705882
 0.0  0.15 -0.0  	0.27451 0.509804 0.705882
 -0.1 -0.1 -0.1  	0.27451 0.509804 0.705882
