24

-0.1 -0.2  0.1	0.941176 0.501961 0.501961
 0.1  0.2  0.1  0.941176 0.501961 0.501961
-0.1  0.2  0.1  0.941176 0.501961 0.501961

-0.1 -0.2  0.1 0.941176 0.501961 0.501961
 0.1 -0.2  0.1  0.941176 0.501961 0.501961
 0.1  0.2  0.1  0.941176 0.501961 0.501961

 -0.1 0.2  0.1 0.698039 0.133333 0.133333
 -0.1 0.2 -0.1  0.698039 0.133333 0.133333
 -0.1  -0.2 0.1  0.698039 0.133333 0.133333

 -0.1 -0.2  0.1 	0.698039 0.133333 0.133333
 -0.1  0.2 -0.1  0.698039 0.133333 0.133333
 -0.1  -0.2  -0.1  0.698039 0.133333 0.133333

-0.1 0.2 0.1 	0.862745 0.0784314 0.235294
0.1  0.2 0.1  0.862745 0.0784314 0.235294
-0.1  0.2 -0.1  0.862745 0.0784314 0.235294

0.1 -0.2 0.1 	0.862745 0.0784314 0.235294
 -0.1  -0.2 -0.1  0.862745 0.0784314 0.235294
 -0.1 0.2 -0.1  0.862745 0.0784314 0.235294

0.1 -0.2 0.1 	0.545098 0 0
-0.1 0.2  -0.1  0.545098 0 0
0.1  0.2 0.1  0.545098 0 0

-0.1 -0.2  -0.1 	0.545098 0 0
0.1  -0.2  0.1 0.545098 0 0
-0.1  -0.2 0.1  0.545098 0 0
