36

-0.1 -0.2  0.1 1 0.843137 0
 0.1  0.2  0.1  1 0.843137 0
 -0.1  0.2  0.1 1 0.843137 0

 -0.1 -0.2  0.1 	1 0.843137 0
 0.1 -0.2  0.1  1 0.843137 0
 0.1  0.2  0.1 1 0.843137 0

 0.1 -0.2  0.1 1 0.980392 0.803922
 0.1 -0.2 -0.1  1 0.980392 0.803922
 0.1  0.2 -0.1 1 0.980392 0.803922

 0.1 -0.2  0.1 1 0.980392 0.803922
 0.1  0.2 -0.1  1 0.980392 0.803922
 0.1  0.2  0.1 1 0.980392 0.803922

 -0.1 -0.2 -0.1 	1 0.843137 0
 -0.1  0.2 -0.1 1 0.843137 0
 0.1  0.2 -0.1  1 0.843137 0

 -0.1 -0.2 -0.1 	1 0.843137 0
 0.1  0.2 -0.1  1 0.843137 0
 0.1 -0.2 -0.1  1 0.843137 0

 -0.1 -0.2 -0.1 	1 0.980392 0.803922
 -0.1 -0.2  0.1 1 0.980392 0.803922
 -0.1  0.2 -0.1  1 0.980392 0.803922

 -0.1 -0.2  0.1 	1 0.980392 0.803922
 -0.1  0.2  0.1 1 0.980392 0.803922
 -0.1  0.2 -0.1  1 0.980392 0.803922

 -0.1  0.2 -0.1 	1 1 0
 -0.1  0.2  0.1  1 1 0
 0.1  0.2 -0.1  1 1 0

 -0.1  0.2  0.1 	1 1 0
 0.1  0.2  0.1 1 1 0
 0.1  0.2 -0.1 1 1 0

 -0.1 -0.2  0.1 1 1 0
 -0.1 -0.2 -0.1  1 1 0
 0.1 -0.2 -0.1  1 1 0

 -0.1 -0.2  0.1 	1 1 0
 0.1 -0.2 -0.1  1 1 0
 0.1 -0.2  0.1 1 1 0
