36

-0.1 -0.2  0.1 0.4 0.803922 0.666667
 0.1  0.2  0.1  0.4 0.803922 0.666667
 -0.1  0.2  0.1  0.4 0.803922 0.666667

 -0.1 -0.2  0.1 	0.4 0.803922 0.666667
 0.1 -0.2  0.1  0.4 0.803922 0.666667
 0.1  0.2  0.1  0.4 0.803922 0.666667

 0.1 -0.2  0.1 0.235294 0.701961 0.443137
 0.1 -0.2 -0.1  0.235294 0.701961 0.443137
 0.1  0.2 -0.1  0.235294 0.701961 0.443137

 0.1 -0.2  0.1 	0.235294 0.701961 0.443137
 0.1  0.2 -0.1  0.235294 0.701961 0.443137
 0.1  0.2  0.1  0.235294 0.701961 0.443137

 -0.1 -0.2 -0.1 	0.4 0.803922 0.666667
 -0.1  0.2 -0.1 0.4 0.803922 0.666667
 0.1  0.2 -0.1  0.4 0.803922 0.666667

 -0.1 -0.2 -0.1 	0.4 0.803922 0.666667
 0.1  0.2 -0.1  0.4 0.803922 0.666667
 0.1 -0.2 -0.1  0.4 0.803922 0.666667

 -0.1 -0.2 -0.1 	0.235294 0.701961 0.443137
 -0.1 -0.2  0.1  0.235294 0.701961 0.443137
 -0.1  0.2 -0.1  0.235294 0.701961 0.443137

 -0.1 -0.2  0.1 	0.235294 0.701961 0.443137
 -0.1  0.2  0.1  0.235294 0.701961 0.443137
 -0.1  0.2 -0.1  0.235294 0.701961 0.443137

 -0.1  0.2 -0.1 	0 1 0.498039
 -0.1  0.2  0.1  0 1 0.498039
 0.1  0.2 -0.1  0 1 0.498039

 -0.1  0.2  0.1 	0 1 0.498039
 0.1  0.2  0.1  0 1 0.498039
 0.1  0.2 -0.1  0 1 0.498039

 -0.1 -0.2  0.1 	0 1 0.498039
 -0.1 -0.2 -0.1  0 1 0.498039
 0.1 -0.2 -0.1  0 1 0.498039

 -0.1 -0.2  0.1 	0 1 0.498039
 0.1 -0.2 -0.1  0 1 0.498039
 0.1 -0.2  0.1 0 1 0.498039
