24

-0.5 -0.1  0.1	1.0 0.0 0.0
 -0.3  0.1  0.1  1.0 0.0 0.0
-0.5  0.1  0.1  1.0 0.0 0.0

-0.5 -0.1  0.1 	1.0 0.0 1.0
 -0.3 -0.1  0.1  1.0 0.0 1.0
 -0.3  0.1  0.1  1.0 0.0 1.0

 -0.5 0.1  0.1 	1.0 1.0 0.0
 -0.5 0.1 -0.1  1.0 1.0 0.0
 -0.5  -0.1 0.1  1.0 1.0 0.0

 -0.5 -0.1  0.1 	0.0 1.0 0.0
 -0.5  0.1 -0.1  0.0 1.0 0.0
 -0.5  -0.1  -0.1  0.0 1.0 0.0

-0.5 0.1 0.1 	0.7 1.0 0.7
-0.3  0.1 0.1  0.7 0.7 0.7
-0.5  0.1 -0.1  0.7 0.7 0.7

-0.3 -0.1 0.1 	0.0 1.0 1.0
 -0.5  -0.1 -0.1  0.0 1.0 1.0
 -0.5 0.1 -0.1  0.0 1.0 1.0

-0.3 -0.1 0.1 	1.0 0.25 1.0
-0.5 0.1  -0.1  1.0 0.25 1.0
-0.3  0.1 0.1  1.0 0.25 1.0

-0.5 -0.1  -0.1 	0.0 0.25 1.0
-0.3  -0.1  0.1  0.0 0.25 1.0
-0.5  -0.1 0.1  0.0 0.25 1.0
